Main:BPM,124 NPB,4 OFF,1430
S,-1 1
S,0 2 2 2 4 4/3 2 4 2 4
S,1 2 2 2 4 4/9
S,0 2 2 2 4 4/3 2 2 2
S,1 2 2 2 4 4/9
S,0 2 2 2 4 4/3 2 4 2 4
S,1 2 2 4 4 4 4/9
S,0 2 2 2 1 1 2
S,1 2 2 2 2 S,3 1/2
S,-1 2/7 S,2 4 4
S,2 4/3 4/3 2 4/3 4/3 2
S,3 1 1 2/3 4 4
S,2 4/3 4/3 2 4/3 4/3 2
S,3 1 1 2/3 4 4
S,2 4/3 4/3 2 2 2 2 4 4/7
S,3 2 2 2 2 2
S,2 4/3 4/3 2 4/3 4 2 2
S,3 1/2 S,1 1/2
S,0 4/3 4/3 2 1 1
S,1 4/3 4/3 2 1 1
S,0 4/3 4/3 2 1 2 2
S,1 4/3 4/3 2 1 1
S,0 4/3 4/3 2 1 2 2
S,1 2 2 2 4 1 4/3 2
S,0 4/3 4/3 2 1 2 2
S,1 2/7 S,2 4 4
S,2 2 2 2 4 4/7 4 4
S,3 2 2 2 4 4/7 4 4
S,2 4/3 4/3 2 2 2 2 4 4
S,0 4 4 4 4 4 4 4 4 4 4 4 4 2 S,1 4 4
S,0 2 2 2 4 4/3 2 4 2 4
S,1 2 2 2 4 4/9
S,0 2 2 2 4 4/3 2 2 2
S,1 2 2 2 4 4/9
S,0 2 2 2 4 4/3 2 4 2 4
S,1 2 2 4 4 4 4/9
S,0 2 2 2 1 1 2
S,1 2 2 2 2 4/3 8 8 1
S,0 2 2 2 4 4/3 2 4 2 4
S,1 2 2 2 4 4/9
S,0 2 2 2 4 4/3 2 2 2
S,1 2 2 2 4 4/9
S,0 2 2 2 4 4/3 2 4 2 4
S,1 2 2 4 4 4 4/9
S,0 2 2 2 1 1 2
S,1 2 2 2 2 1/2
S,-1 1 S,0 2 2 1/2
S,3 1/4
S,3 1/4
S,3 1/4
S,3 2/7 S,2 4 4
S,0 4/3 4/3 2 1 1
S,1 4/3 4/3 2 1 1
S,0 4/3 4/3 2 1 2 2
S,1 4/3 4/3 2 1 1
S,0 4/3 4/3 2 1 2 2
S,1 2 2 2 4 1 4/3 2
S,0 4/3 4/3 2 1 2 2
S,1 2/7 S,2 4 4
S,2 2 2 2 4 4/7 4 4
S,3 2 2 2 4 4/7 4 4
S,2 4/3 4/3 2 2 2 2 4 4
S,0 4 4 4 4 4 4 4 4 4 4 4 4 2 S,1 4 4
S,0 2 2 2 4 4/3 2 4 2 4
S,1 2 2 2 4 4/9
S,0 2 2 2 4 4/3 2 2 2
S,1 2 2 2 4 4/9
S,0 2 2 2 4 4/3 2 4 2 4
S,1 2 2 4 4 4 4/9
S,0 2 2 2 1 1 2
S,1 2 2 2 2 4/3 8 8 1
S,0 2 2 2 4 4/3 2 4 2 4
S,1 2 2 2 4 4/9
S,0 2 2 2 4 4/3 2 2 2
S,1 2 2 2 4 4/9
S,0 2 2 2 4 4/3 2 4 2 4
S,1 2 2 4 4 4 4/9
S,0 2 2 2 1 1 2
S,1 2 2 2 2 1/2
S,-1 1 S,0 2 2 1/100
#Sub:BPM,124 NPB,4 OFF,1430
S,-1 1
S,0 1/2 1/2
S,1 1/2 2 S,3 2 2 2
S,0 1/2 1/2
S,1 1/2 2 S,3 2 2 2
S,0 1 1 1 1
S,1 1 2 2 1 1
S,0 2 2 1 1 1
S,1 2 2 1 1/2
S,-1 1/4
S,-1 2 S,2 1 1 1 2
S,-1 2 S,3 1 1 1 2
S,-1 2 S,2 1 1 1 2
S,-1 2 S,3 1 1 1 2
S,-1 2 S,2 1 1 1 2
S,-1 2 S,3 1 1 1 2
S,-1 2 S,2 1 1 1 2
S,3 4/3 4 1 4/3 4 2 4 4
S,0 1 1 2 2 4 4 2
S,1 1 1 2 2 4 4 2
S,0 1 1 2 2 1
S,1 1 1 2 2 2 2
S,0 1 1 1 1
S,1 1 1 2 2 1
S,0 1 1 1 1
S,1 1 1 2 2 1
S,2 1 1/2 1
S,3 1 1/2 1
S,2 1 1 1 1
S,3 1 1 2 4 4 2 2
S,0 2 2 2 4 4 2 2 2 2
S,1 2 2 2 4 4 2 2 2 4 4
S,0 2 2 2 4 4 2 2 2 2
S,1 2 2 2 4 4 2 2 S,2 2 4 4
S,0 2 2 2 4 4 2 2 2 2
S,1 2 2 2 4 4 2 2 2 4 4
S,0 2 2 2 2 2 2 2 2
S,1 1 1 1 1
S,0 2 2 2 4 4 2 2 2 2
S,1 2 2 2 4 4 2 2 2 4 4
S,0 2 2 2 4 4 2 2 2 2
S,1 2 2 2 4 4 2 2 S,2 2 4 4
S,0 2 2 2 4 4 2 2 2 2
S,1 2 2 2 4 4 2 2 2 4 4
S,0 2 2 2 2 2 2 2 2
S,1 1 1 1/2
S,-1 1/4
S,2 1 1 4/3 4 1
S,2 1 1 4/3 4 2 S,0 4 4
S,2 1 1 4/3 4 1
S,2 4/3 4 2 1 2 2 S,0 4 4
S,-1 2 S,2 1 1 1 2
S,-1 2 S,3 1 1 1 2
S,-1 2 S,2 1 1 1 2
S,-1 2 S,3 1 1 1 2
S,-1 2 S,2 1 1 1 2
S,-1 2 S,3 1 1 1 2
S,-1 2 S,2 1 1 1 2
S,3 4/3 4 1 4/3 4 2 4 4
S,0 1 1 2 2 4 4 2
S,1 1 1 2 2 4 4 2
S,0 1 1 2 2 1
S,1 1 1 2 2 2 2
S,0 1 1 1 1
S,1 1 1 2 2 1
S,0 1 1 1 1
S,1 1 1 2 2 1
S,2 1 1/2 1
S,3 1 1/2 1
S,2 1 1 1 1
S,3 1 1 2 4 4 2 2
S,0 2 2 2 4 4 2 2 2 2
S,1 2 2 2 4 4 2 2 2 4 4
S,0 2 2 2 4 4 2 2 2 2
S,1 2 2 2 4 4 2 2 S,2 2 4 4
S,0 2 2 2 4 4 2 2 2 2
S,1 2 2 2 4 4 2 2 2 4 4
S,0 2 2 2 2 2 2 2 2
S,1 1 1 1 1
S,0 2 2 2 4 4 2 2 2 2
S,1 2 2 2 4 4 2 2 2 4 4
S,0 2 2 2 4 4 2 2 2 2
S,1 2 2 2 4 4 2 2 S,2 2 4 4
S,0 2 2 2 4 4 2 2 2 2
S,1 2 2 2 4 4 2 2 2 4 4
S,0 2 2 2 2 2 2 2 2
S,1 1 1 1/2
S,-1 1/100
#Chorus:BPM,124 NPB,4 OFF,1428
S,1 7 7 7 7 7 7 7
S,0 1/8
S,1 1/20
S,0 1 1 S,-1 1/2 1/4
S,-1 1/80
S,0 1/4
S,1 1/4
S,0 1/4
S,1 1/4
S,0 1/4
S,1 1/4
S,0 1/4
S,1 1 1 1 1
S,0 1/4
S,1 1/4
S,0 1/4
S,1 1/4
S,0 1/2 1/2
S,1 1/2 1/2
S,0 1/2 1/2
S,1 1 1 1 S,-1 1
S,-1 1/100
S,0 1/4
S,1 1/4
S,0 1/4
S,1 1/4
S,0 1/4
S,1 1/4
S,0 1/4
S,1 1 1 1 1
S,0 1/4
S,1 1/4
S,0 1/4
S,1 1/4
S,0 1/2 1/2
S,1 1/2 1/2
S,0 1/2 1/2
S,1 1 1 1 S,-1 1
#Constant_1:BPM,124 NPB,4 OFF,1430
1
#Constant_2:BPM,124 NPB,4 OFF,1430
2
#Wave:BPM,124 NPB,4 OFF,1430
1/4