Main:BPM,155 NPB,4 OFF,170
S,2 1/2 1/3
S,3 1 1 1
S,-1 1/2 S,2 2/3 1/3
S,3 1 1 1
S,2 1/2 1/3
S,3 1 1 1
S,2 1/2 1 1
S,3 1/400
#Sub:BPM,155 NPB,4 OFF,170
S,2 2 2 2 2 2 2 2 2
S,2 2 2 2 2 2 2 2 2
S,2 2 2 2 2 2 2 2 2
S,2 2 2 2 2 2 2 2 2
S,2 2 2 2 2 2 2 2 2
S,2 2 2 2 2 2 2 2 2
S,2 2 2 2 2 2 2 2 2
S,2 2 2 2 2 2 2 2 2
#Chorus:BPM,155 NPB,4 OFF,170
S,-2 2 2 2 2 2 2 2 2
S,-2 2 2 2 2 2 2 2 2
S,-2 2 2 2 2 2 2 2 2
S,-2 2 2 2 2 2 2 2 2
S,-2 2 2 2 2 2 2 2 2
S,-2 2 2 2 2 2 2 2 2
S,-2 2 2 2 2 2 2 2 2
S,-2 2 2 2 2 S,0 1/100
#Constant_1:BPM,155 NPB,4 OFF,170
1
#Constant_2:BPM,155 NPB,4 OFF,170
2
#Constant_4:BPM,155 NPB,4 OFF,170
4
#Wave:BPM,155 NPB,4 OFF,170
1/4