Main:BPM,160 NPB,4 OFF,330
S,-1 2 S,2 2 2 2 2 1 2
S,2 2 2 2 1/3
S,2 2 2 2 2 1 2
S,2 2 2 2 1/3
S,2 2 2 1 1 1
S,-1 2 S,2 2 2 1 S,-1 2
S,-1 2 S,2 2 2 2 S,-1 2 S,2 2 2 2
S,-1 2 S,2 2 2 2 S,-1 2 S,2 2 2 2
S,2 1 1 2 1 2
S,-1 2 S,2 2 2 2 2 1 2
S,-1 2 S,2 2 2 2 2 1 2
S,2 2 2 1 2/3 2
S,-1 1 S,2 1 2 1 2
S,-1 2 S,2 2 2 2 2 1 2
S,-1 2 S,2 2 2 2 2 1 2
S,2 2 2 1 2/300
#Sub:BPM,160 NPB,4 OFF,330
S,2 1 1 1 1
S,2 1 1 1 1
S,2 1 1 1 1
S,2 1 1 1 1
S,2 1/2 1 1
S,2 1/2 1/2
S,2 1/2 1/2
S,2 1/2 1/2
S,2 1 1 1 1
S,2 1 1 1 1
S,2 1 1 1 1
S,2 1 1 1 1
S,2 1 1 1 1
S,2 1 1 1 1
S,2 1 1 1 1
S,2 1 1 1 1/1000
#Chorus:BPM,160 NPB,4 OFF,330
S,-1 1/100
#Constant_1:BPM,160 NPB,4 OFF,330
1
#Constant_2:BPM,160 NPB,4 OFF,330
2
#Constant_4:BPM,160 NPB,4 OFF,330
4
#Wave:BPM,160 NPB,4 OFF,330
1/4