Main:BPM,146 NPB,4 OFF,1640
S,0 4 4 4 4 4 4 4 4 4 4 4 4 4 4 2
S,1 2 1 1 1 2
S,0 4 4 4 4 4 4 4 4 4 4 4 4 4 4 2
S,1 2 1 1 1 2
S,0 4 4 4 4 4 4 4 4 4 4 4 4 4 4 2
S,1 2 1 1 1 2
S,0 4 4 4 4 4 4 4 4 4 4 4 4 4 4 2
S,1 2 1 1 1 2
S,3 2 1 2 2 2 4 4 2
S,0 2/3 4 4 1 2 2
S,1 2 2 4 2 1 4/3 2
S,0 2/3 2 1 2 2
S,1 4/3 4/3 2 1/2
S,0 2/3 4 4 1 2 2
S,1 2 2 4 2 1 4/3 2
S,0 2/3 2 1 2 2
S,1 4/3 4/3 2 1/2
S,0 2/3 4 4 1 2 2
S,1 2 2 4 2 1 4/3 2
S,0 2/3 2 1 2 2
S,1 4/3 4/3 2 1/2
S,0 2/3 4 4 1 2 2
S,1 2 2 4 2 1 4/3 2
S,0 2/3 2 1 2 2
S,1 4/3 4/3 2 4 4/7
S,2 2 2 2 2/5
S,2 2 2 2 2/5
S,2 2 2 2 2/5
S,2 2 2 2 8 8/19
S,2 2 2 2 2/5
S,2 2 2 2 2/5
S,2 2 2 2 2/5
S,2 2 2 2 8 8/19
S,2 2 2 2 2/5
S,2 2 2 2 2/5
S,2 2 2 2 2/5
S,2 2 2 2 8 8/19
S,2 2 2 2 2/5
S,2 2 2 2 2/5
S,2 2 2 2 2/5
S,2 2 2 2 2/5
S,0 2/3 4 4 1 2 2
S,1 2 2 4 2 1 4/3 2
S,0 2/3 2 1 2 2
S,1 4/3 4/3 2 1/2
S,0 2/3 4 4 1 2 2
S,1 2 2 4 2 1 4/3 2
S,0 2/3 2 1 2 2
S,1 4/3 4/3 2 1/2
S,0 2/3 4 4 1 2 2
S,1 2 2 4 2 1 4/3 2
S,0 2/3 2 1 2 2
S,1 4/3 4/3 2 S,-1 1/2
S,0 2/3 4 4 1 2 2
S,1 2 2 4 2 1 4/3 2
S,0 2/3 2 1 2 2
S,1 4/3 4/3 2 4 4/7
S,0 4 4 4 4 4 4 4 4 4 4 4 4 4 4 2
S,1 2 1 1 1 2
S,0 4 4 4 4 4 4 4 4 4 4 4 4 4 4 2
S,1 2 1 1 1 2
S,0 4 4 4 4 4 4 4 4 4 4 4 4 4 4 2
S,1 2 1 1 1 2
S,0 4 4 4 4 4 4 4 4 4 4 4 4 4 4 2
S,1 2 1 1 1 2
S,-1 1/4 1/100
#Sub:BPM,146 NPB,4 OFF,1640
S,0 1 1 4/3 4/3 2
S,1 1 1 4/3 4/3 2
S,0 1 1 4/3 4/3 2
S,1 1 1 4/3 4/3 2
S,0 1 1 4/3 4/3 2
S,1 1 1 4/3 4/3 2
S,0 1 1 4/3 4/3 2
S,1 2 2 2 2 2 2 2 2
S,3 2 2 2 2 2 2 2 2
S,0 1 1 1 1
S,1 1 1 1 1
S,0 1 1 1 1
S,1 1 1 1 S,3 4 4 4 4
S,0 1 1 2 2 2 2
S,1 1 2 2 2 2 2 2
S,0 1 2 2 2 2 2 2
S,1 1 1 1 1
S,0 1 1 1 1
S,1 1 1 1 1
S,0 1 1 1 1
S,1 1 1 1 S,3 4 4 4 4
S,0 1 1 2 2 2 2
S,1 1 2 2 2 2 2 2
S,0 1 2 2 2 2 2 2
S,1 1 1 1 1
S,2 1/2 1/2
S,2 1/2 1/2
S,2 1/2 1/2
S,2 2/3 S,3 1/4 1/4 2 2 2 2
S,2 1/2 1/2
S,2 1/2 1/2
S,2 1/2 1/2
S,2 2/3 S,3 1/4 1/4 2 2 2 2
S,2 1/2 1/2
S,2 1/2 1/2
S,2 1/2 1/2
S,2 2/3 S,3 1/4 1/4 2 2 2 2
S,2 1/2 1/2
S,2 1/2 1/2
S,2 1 1 1 1
S,2 1 1 1 1
S,0 1 1 1 1
S,1 1 1 1 1
S,0 1 1 1 1
S,1 1 1 1 S,3 4 4 4 4
S,0 1 1 2 2 2 2
S,1 1 2 2 2 2 2 2
S,0 1 2 2 2 2 2 2
S,1 1 1 1 1
S,0 1 1 1 1
S,1 1 1 1 1
S,0 1 1 1 1
S,1 1 1 S,3 4 4 4 4 4 4 4 4
S,0 1 1 2 2 2 2
S,1 1 2 2 2 2 2 2
S,0 1 2 2 2 2 2 2
S,1 1 1 1 1
S,0 1 1 4/3 4/3 2
S,1 1 1 4/3 4/3 2
S,0 1 1 4/3 4/3 2
S,1 1 1 4/3 4/3 2
S,0 1 1 4/3 4/3 2
S,1 1 1 4/3 4/3 2
S,0 1 1 4/3 4/3 2
S,1 2 1 1 1 2 
S,3 2 2 2 2 2 2 2 2 S,-1 1/100
#Chorus:BPM,146 NPB,4 OFF,1638
S,-1 4 4 4 4 4 4 4 4 4 4 4 4 4 4 4 4
S,1 2 1 1 1 2
S,-1 4 4 4 4 4 4 4 4 4 4 4 4 4 4 4 4
S,1 2 1 1 1 2
S,-1 4 4 4 4 4 4 4 4 4 4 4 4 4 4 4 4
S,1 2 1 1 1 2
S,-1 4 4 4 4 4 4 4 4 4 4 4 4 4 4 4 4
S,1 2 1 1 1 2
S,-3 2 1 2 2 2 4 4 2
S,-1 2/3 4 4 1 2 2
S,-1 2 2 4 2 1 4/3 2
S,-1 2/3 2 1 2 2
S,-1 4/3 4/3 2 1 S,0 4 4 4 4
S,-1 2/3 4 4 1 2 2
S,-1 2 2 4 2 1 4/3 2
S,-1 2/3 2 1 2 2
S,-1 4/3 4/3 2 1/2
S,-1 2/3 4 4 1 2 2
S,-1 2 2 4 2 1 4/3 2
S,-1 2/3 2 1 2 2
S,-1 4/3 4/3 2 1 S,0 4 4 4 4
S,-1 2/3 4 4 1 2 2
S,-1 2 2 4 2 1 4/3 2
S,-1 2/3 2 1 2 2
S,-1 4/3 4/3 2 4 4/7
S,-2 2 2 2 2/5
S,-2 2 2 2 2/5
S,-2 2 2 2 2/5
S,-2 2 2 2 8 8/19
S,-2 2 2 2 2/5
S,-2 2 2 2 2/5
S,-2 2 2 2 2/5
S,-2 2 2 2 8 8/19
S,-2 2 2 2 2/5
S,-2 2 2 2 2/5
S,-2 2 2 2 2/5
S,-2 2 2 2 8 8/19
S,-2 2 2 2 2/5
S,-2 2 2 2 2/5
S,-2 2 2 2 2/5
S,-2 2 2 2 2/5
S,-1 2/3 4 4 1 2 2
S,-1 2 2 4 2 1 4/3 2
S,-1 2/3 2 1 2 2
S,-1 4/3 4/3 2 1 S,0 4 4 4 4
S,-1 2/3 4 4 1 2 2
S,-1 2 2 4 2 1 4/3 2
S,-1 2/3 2 1 2 2
S,-1 4/3 4/3 2 1/2
S,-1 2/3 4 4 1 2 2
S,-1 2 2 4 2 1 4/3 2
S,-1 2/3 2 1 2 2
S,-1 4/3 4/3 2 S,-1 1/2
S,-1 2/3 4 4 1 2 2
S,-1 2 2 4 2 1 4/3 2
S,-1 2/3 2 1 2 2
S,-1 2/3 2/3 2 4 4/7
S,-1 4 4 4 4 4 4 4 4 4 4 4 4 4 4 4 4
S,-1 2 1 1 1 2
S,-1 4 4 4 4 4 4 4 4 4 4 4 4 4 4 4 4
S,1 2 1 1 1 2
S,-1 4 4 4 4 4 4 4 4 4 4 4 4 4 4 4 4
S,1 2 1 1 1 2
S,-1 4 4 4 4 4 4 4 4 4 4 4 4 4 4 4 4
S,-1 2 1 1 1 2
S,-1 1/4 1/100
#Constant_1:BPM,146 NPB,4 OFF,1640
1
#Constant_2:BPM,146 NPB,4 OFF,1640
2
#Wave:BPM,146 NPB,4 OFF,1640
1/4